<map id="D" name="D">
<area shape="poly" id="node65" href="/switch-94/" title="D507" alt="" coords="384,989,382,982,375,975,365,970,351,967,337,965,322,967,309,970,298,975,291,982,289,989,291,997,298,1003,309,1009,322,1012,337,1013,351,1012,365,1009,375,1003,382,997"/>
<area shape="poly" id="node66" href="/switch-150/" title="D608" alt="" coords="288,989,286,982,279,975,269,970,255,967,241,965,226,967,213,970,202,975,195,982,193,989,195,997,202,1003,213,1009,226,1012,241,1013,255,1012,269,1009,279,1003,286,997"/>
<area shape="poly" id="node67" href="/switch-169/" title="Core" alt="" coords="92,701,90,694,84,687,74,682,62,679,49,677,35,679,23,682,14,687,7,694,5,701,7,709,14,715,23,721,35,724,49,725,62,724,74,721,84,715,90,709"/>
<area shape="poly" id="node68" href="/switch-142/" title="D638" alt="" coords="768,125,766,118,759,111,749,106,735,103,721,101,706,103,693,106,682,111,675,118,673,125,675,133,682,139,693,145,706,148,721,149,735,148,749,145,759,139,766,133"/>
<area shape="poly" id="node69" href="/switch-148/" title="D613" alt="" coords="864,701,862,694,855,687,845,682,831,679,817,677,802,679,789,682,778,687,771,694,769,701,771,709,778,715,789,721,802,724,817,725,831,724,845,721,855,715,862,709"/>
<area shape="poly" id="node70" href="/switch-143/" title="D603" alt="" coords="480,701,478,694,471,687,461,682,447,679,433,677,418,679,405,682,394,687,387,694,385,701,387,709,394,715,405,721,418,724,433,725,447,724,461,721,471,715,478,709"/>
<area shape="poly" id="node71" href="/switch-146/" title="D635" alt="" coords="1056,125,1054,118,1047,111,1037,106,1023,103,1009,101,994,103,981,106,970,111,963,118,961,125,963,133,970,139,981,145,994,148,1009,149,1023,148,1037,145,1047,139,1054,133"/>
<area shape="poly" id="node72" href="/switch-147/" title="D620" alt="" coords="1248,509,1246,502,1239,495,1229,490,1215,487,1201,485,1186,487,1173,490,1162,495,1155,502,1153,509,1155,517,1162,523,1173,529,1186,532,1201,533,1215,532,1229,529,1239,523,1246,517"/>
<area shape="poly" id="node73" href="/switch-149/" title="D623" alt="" coords="1632,509,1630,502,1623,495,1613,490,1599,487,1585,485,1570,487,1557,490,1546,495,1539,502,1537,509,1539,517,1546,523,1557,529,1570,532,1585,533,1599,532,1613,529,1623,523,1630,517"/>
<area shape="poly" id="node74" href="/switch-159/" title="D219" alt="" coords="1152,509,1150,502,1143,495,1133,490,1119,487,1105,485,1090,487,1077,490,1066,495,1059,502,1057,509,1059,517,1066,523,1077,529,1090,532,1105,533,1119,532,1133,529,1143,523,1150,517"/>
<area shape="poly" id="node75" href="/switch-183/" title="D823" alt="" coords="1632,605,1630,598,1623,591,1613,586,1599,583,1585,581,1570,583,1557,586,1546,591,1539,598,1537,605,1539,613,1546,619,1557,625,1570,628,1585,629,1599,628,1613,625,1623,619,1630,613"/>
<area shape="poly" id="node76" href="/switch-184/" title="D332" alt="" coords="1344,125,1342,118,1335,111,1325,106,1311,103,1297,101,1282,103,1269,106,1258,111,1251,118,1249,125,1251,133,1258,139,1269,145,1282,148,1297,149,1311,148,1325,145,1335,139,1342,133"/>
<area shape="poly" id="node77" href="/switch-185/" title="D811" alt="" coords="768,989,766,982,759,975,749,970,735,967,721,965,706,967,693,970,682,975,675,982,673,989,675,997,682,1003,693,1009,706,1012,721,1013,735,1012,749,1009,759,1003,766,997"/>
<area shape="poly" id="node78" href="/switch-188/" title="D631" alt="" coords="1440,125,1438,118,1431,111,1421,106,1407,103,1393,101,1378,103,1365,106,1354,111,1347,118,1345,125,1347,133,1354,139,1365,145,1378,148,1393,149,1407,148,1421,145,1431,139,1438,133"/>
<area shape="poly" id="node79" href="/switch-9902/" title="D412" alt="" coords="864,797,862,790,855,783,845,778,831,775,817,773,802,775,789,778,778,783,771,790,769,797,771,805,778,811,789,817,802,820,817,821,831,820,845,817,855,811,862,805"/>
<area shape="poly" id="node80" href="/switch-9903/" title="D239" alt="" coords="672,125,670,118,663,111,653,106,639,103,625,101,610,103,597,106,586,111,579,118,577,125,579,133,586,139,597,145,610,148,625,149,639,148,653,145,663,139,670,133"/>
<area shape="poly" id="node81" href="/switch-9904/" title="D516" alt="" coords="864,509,862,502,855,495,845,490,831,487,817,485,802,487,789,490,778,495,771,502,769,509,771,517,778,523,789,529,802,532,817,533,831,532,845,529,855,523,862,517"/>
<area shape="poly" id="node82" href="/switch-9907/" title="D506" alt="" coords="480,989,478,982,471,975,461,970,447,967,433,965,418,967,405,970,394,975,387,982,385,989,387,997,394,1003,405,1009,418,1012,433,1013,447,1012,461,1009,471,1003,478,997"/>
<area shape="poly" id="node83" href="/switch-9914/" title="D611" alt="" coords="768,1085,766,1078,759,1071,749,1066,735,1063,721,1061,706,1063,693,1066,682,1071,675,1078,673,1085,675,1093,682,1099,693,1105,706,1108,721,1109,735,1108,749,1105,759,1099,766,1093"/>
<area shape="poly" id="node84" href="/switch-9915/" title="D417" alt="" coords="960,509,958,502,951,495,941,490,927,487,913,485,898,487,885,490,874,495,867,502,865,509,867,517,874,523,885,529,898,532,913,533,927,532,941,529,951,523,958,517"/>
<area shape="poly" id="node85" href="/switch-9916/" title="D201" alt="" coords="480,509,478,502,471,495,461,490,447,487,433,485,418,487,405,490,394,495,387,502,385,509,387,517,394,523,405,529,418,532,433,533,447,532,461,529,471,523,478,517"/>
<area shape="poly" id="node86" href="/switch-9932/" title="D714" alt="" coords="864,605,862,598,855,591,845,586,831,583,817,581,802,583,789,586,778,591,771,598,769,605,771,613,778,619,789,625,802,628,817,629,831,628,845,625,855,619,862,613"/>
<area shape="poly" id="node87" href="/switch-9933/" title="D728" alt="" coords="1728,125,1726,118,1719,111,1709,106,1695,103,1681,101,1666,103,1653,106,1642,111,1635,118,1633,125,1635,133,1642,139,1653,145,1666,148,1681,149,1695,148,1709,145,1719,139,1726,133"/>
<area shape="poly" id="node88" href="/switch-9934/" title="D730" alt="" coords="1536,125,1534,118,1527,111,1517,106,1503,103,1489,101,1474,103,1461,106,1450,111,1443,118,1441,125,1443,133,1450,139,1461,145,1474,148,1489,149,1503,148,1517,145,1527,139,1534,133"/>
<area shape="poly" id="node89" href="/switch-9936/" title="D401" alt="" coords="384,509,382,502,375,495,365,490,351,487,337,485,322,487,309,490,298,495,291,502,289,509,291,517,298,523,309,529,322,532,337,533,351,532,365,529,375,523,382,517"/>
<area shape="poly" id="node90" href="/switch-9945/" title="D530" alt="" coords="1536,29,1534,22,1527,15,1517,10,1503,7,1489,5,1474,7,1461,10,1450,15,1443,22,1441,29,1443,37,1450,43,1461,49,1474,52,1489,53,1503,52,1517,49,1527,43,1534,37"/>
<area shape="poly" id="node91" href="/switch-9943/" title="D503" alt="" coords="384,701,382,694,375,687,365,682,351,679,337,677,322,679,309,682,298,687,291,694,289,701,291,709,298,715,309,721,322,724,337,725,351,724,365,721,375,715,382,709"/>
</map>
