<map id="E" name="E">
<area shape="poly" id="node65" href="/switch-114/" title="E706" alt="" coords="483,989,481,982,474,975,464,970,451,967,436,965,422,967,409,970,398,975,392,982,389,989,392,997,398,1003,409,1009,422,1012,436,1013,451,1012,464,1009,474,1003,481,997"/>
<area shape="poly" id="node66" href="/switch-70/" title="B942" alt="" coords="99,701,97,694,90,687,80,682,67,679,52,677,38,679,25,682,14,687,8,694,5,701,8,709,14,715,25,721,38,724,52,725,67,724,80,721,90,715,97,709"/>
<area shape="poly" id="node67" href="/switch-133/" title="E737" alt="" coords="867,125,865,118,858,111,848,106,835,103,820,101,806,103,793,106,782,111,776,118,773,125,776,133,782,139,793,145,806,148,820,149,835,148,848,145,858,139,865,133"/>
<area shape="poly" id="node68" href="/switch-136/" title="E820" alt="" coords="1251,509,1249,502,1242,495,1232,490,1219,487,1204,485,1190,487,1177,490,1166,495,1160,502,1157,509,1160,517,1166,523,1177,529,1190,532,1204,533,1219,532,1232,529,1242,523,1249,517"/>
<area shape="poly" id="node69" href="/switch-144/" title="E732" alt="" coords="1347,125,1345,118,1338,111,1328,106,1315,103,1300,101,1286,103,1273,106,1262,111,1256,118,1253,125,1256,133,1262,139,1273,145,1286,148,1300,149,1315,148,1328,145,1338,139,1345,133"/>
<area shape="poly" id="node70" href="/switch-139/" title="E703" alt="" coords="483,701,481,694,474,687,464,682,451,679,436,677,422,679,409,682,398,687,392,694,389,701,392,709,398,715,409,721,422,724,436,725,451,724,464,721,474,715,481,709"/>
<area shape="poly" id="node71" href="/switch-140/" title="E712" alt="" coords="867,797,865,790,858,783,848,778,835,775,820,773,806,775,793,778,782,783,776,790,773,797,776,805,782,811,793,817,806,820,820,821,835,820,848,817,858,811,865,805"/>
<area shape="poly" id="node72" href="/switch-145/" title="E428" alt="" coords="1731,125,1729,118,1722,111,1712,106,1699,103,1684,101,1670,103,1657,106,1646,111,1640,118,1637,125,1640,133,1646,139,1657,145,1670,148,1684,149,1699,148,1712,145,1722,139,1729,133"/>
<area shape="poly" id="node73" href="/switch-165/" title="E937" alt="" coords="867,29,865,22,858,15,848,10,835,7,820,5,806,7,793,10,782,15,776,22,773,29,776,37,782,43,793,49,806,52,820,53,835,52,848,49,858,43,865,37"/>
<area shape="poly" id="node74" href="/switch-181/" title="E720" alt="" coords="1251,605,1249,598,1242,591,1232,586,1219,583,1204,581,1190,583,1177,586,1166,591,1160,598,1157,605,1160,613,1166,619,1177,625,1190,628,1204,629,1219,628,1232,625,1242,619,1249,613"/>
<area shape="poly" id="node75" href="/switch-9901/" title="E702" alt="" coords="483,605,481,598,474,591,464,586,451,583,436,581,422,583,409,586,398,591,392,598,389,605,392,613,398,619,409,625,422,628,436,629,451,628,464,625,474,619,481,613"/>
<area shape="poly" id="node76" href="/switch-9927/" title="E706" alt="" coords="483,1085,481,1078,474,1071,464,1066,451,1063,436,1061,422,1063,409,1066,398,1071,392,1078,389,1085,392,1093,398,1099,409,1105,422,1108,436,1109,451,1108,464,1105,474,1099,481,1093"/>
<area shape="poly" id="node77" href="/switch-9928/" title="E908" alt="" coords="291,989,289,982,282,975,272,970,259,967,244,965,230,967,217,970,206,975,200,982,197,989,200,997,206,1003,217,1009,230,1012,244,1013,259,1012,272,1009,282,1003,289,997"/>
<area shape="poly" id="node78" href="/switch-9931/" title="E822" alt="" coords="1539,509,1537,502,1530,495,1520,490,1507,487,1492,485,1478,487,1465,490,1454,495,1448,502,1445,509,1448,517,1454,523,1465,529,1478,532,1492,533,1507,532,1520,529,1530,523,1537,517"/>
<area shape="poly" id="node79" href="/switch-9944/" title="E712" alt="" coords="963,797,961,790,954,783,944,778,931,775,916,773,902,775,889,778,878,783,872,790,869,797,872,805,878,811,889,817,902,820,916,821,931,820,944,817,954,811,961,805"/>
</map>
