<map id="G" name="G">
<area shape="poly" id="node65" href="/switch-49/" title="G" alt="" coords="1714,701,1712,694,1707,687,1699,682,1689,679,1678,677,1667,679,1657,682,1649,687,1643,694,1642,701,1643,709,1649,715,1657,721,1667,724,1678,725,1689,724,1699,721,1707,715,1712,709"/>
<area shape="poly" id="node66" href="/switch-169/" title="Core" alt="" coords="1716,605,1714,598,1709,591,1700,586,1689,583,1678,581,1666,583,1655,586,1647,591,1641,598,1640,605,1641,613,1647,619,1655,625,1666,628,1678,629,1689,628,1700,625,1709,619,1714,613"/>
<area shape="poly" id="node68" href="/switch-83/" title="G628" alt="" coords="86,125,84,118,79,111,70,106,58,103,46,101,33,103,22,106,13,111,7,118,5,125,7,133,13,139,22,145,33,148,46,149,58,148,70,145,79,139,84,133"/>
<area shape="poly" id="node70" href="/switch-168/" title="G739" alt="" coords="1142,125,1140,118,1135,111,1126,106,1114,103,1102,101,1089,103,1078,106,1069,111,1063,118,1061,125,1063,133,1069,139,1078,145,1089,148,1102,149,1114,148,1126,145,1135,139,1140,133"/>
<area shape="poly" id="node72" href="/switch-135/" title="G523" alt="" coords="182,509,180,502,175,495,166,490,154,487,142,485,129,487,118,490,109,495,103,502,101,509,103,517,109,523,118,529,129,532,142,533,154,532,166,529,175,523,180,517"/>
<area shape="poly" id="node74" href="/switch-98/" title="G328" alt="" coords="86,29,84,22,79,15,70,10,58,7,46,5,33,7,22,10,13,15,7,22,5,29,7,37,13,43,22,49,33,52,46,53,58,52,70,49,79,43,84,37"/>
<area shape="poly" id="node76" href="/switch-60/" title="G707" alt="" coords="1430,989,1428,982,1423,975,1414,970,1402,967,1390,965,1377,967,1366,970,1357,975,1351,982,1349,989,1351,997,1357,1003,1366,1009,1377,1012,1390,1013,1402,1012,1414,1009,1423,1003,1428,997"/>
<area shape="poly" id="node78" href="/switch-170/" title="G505" alt="" coords="1238,989,1236,982,1231,975,1222,970,1210,967,1198,965,1185,967,1174,970,1165,975,1159,982,1157,989,1159,997,1165,1003,1174,1009,1185,1012,1198,1013,1210,1012,1222,1009,1231,1003,1236,997"/>
<area shape="poly" id="node80" href="/switch-92/" title="G914" alt="" coords="950,605,948,598,943,591,934,586,922,583,910,581,897,583,886,586,877,591,871,598,869,605,871,613,877,619,886,625,897,628,910,629,922,628,934,625,943,619,948,613"/>
<area shape="poly" id="node82" href="/switch-88/" title="G502" alt="" coords="1334,605,1332,598,1327,591,1318,586,1306,583,1294,581,1281,583,1270,586,1261,591,1255,598,1253,605,1255,613,1261,619,1270,625,1281,628,1294,629,1306,628,1318,625,1327,619,1332,613"/>
<area shape="poly" id="node84" href="/switch-100/" title="G414" alt="" coords="854,605,852,598,847,591,838,586,826,583,814,581,801,583,790,586,781,591,775,598,773,605,775,613,781,619,790,625,801,628,814,629,826,628,838,625,847,619,852,613"/>
<area shape="poly" id="node86" href="/switch-167/" title="G438" alt="" coords="1046,125,1044,118,1039,111,1030,106,1018,103,1006,101,993,103,982,106,973,111,967,118,965,125,967,133,973,139,982,145,993,148,1006,149,1018,148,1030,145,1039,139,1044,133"/>
<area shape="poly" id="node88" href="/switch-115/" title="G835" alt="" coords="758,125,756,118,751,111,742,106,730,103,718,101,705,103,694,106,685,111,679,118,677,125,679,133,685,139,694,145,705,148,718,149,730,148,742,145,751,139,756,133"/>
<area shape="poly" id="node90" href="/switch-93/" title="G818" alt="" coords="758,509,756,502,751,495,742,490,730,487,718,485,705,487,694,490,685,495,679,502,677,509,679,517,685,523,694,529,705,532,718,533,730,532,742,529,751,523,756,517"/>
<area shape="poly" id="node92" href="/switch-177/" title="G323" alt="" coords="182,605,180,598,175,591,166,586,154,583,142,581,129,583,118,586,109,591,103,598,101,605,103,613,109,619,118,625,129,628,142,629,154,628,166,625,175,619,180,613"/>
<area shape="poly" id="node94" href="/switch-137/" title="G619" alt="" coords="662,509,660,502,655,495,646,490,634,487,622,485,609,487,598,490,589,495,583,502,581,509,583,517,589,523,598,529,609,532,622,533,634,532,646,529,655,523,660,517"/>
<area shape="poly" id="node96" href="/switch-166/" title="G219" alt="" coords="662,605,660,598,655,591,646,586,634,583,622,581,609,583,598,586,589,591,583,598,581,605,583,613,589,619,598,625,609,628,622,629,634,628,646,625,655,619,660,613"/>
</map>
