<map id="J" name="J">
<area shape="poly" id="node65" href="/switch-152/" title="J602" alt="" coords="1338,701,1336,694,1330,687,1321,682,1309,679,1296,677,1283,679,1271,682,1261,687,1255,694,1253,701,1255,709,1261,715,1271,721,1283,724,1296,725,1309,724,1321,721,1330,715,1336,709"/>
<area shape="poly" id="node66" href="/switch-154/" title="J639" alt="" coords="1146,221,1144,214,1138,207,1129,202,1117,199,1104,197,1091,199,1079,202,1069,207,1063,214,1061,221,1063,229,1069,235,1079,241,1091,244,1104,245,1117,244,1129,241,1138,235,1144,229"/>
<area shape="poly" id="node67" href="/switch-169/" title="Core" alt="" coords="1723,797,1721,790,1715,783,1705,778,1693,775,1680,773,1666,775,1654,778,1645,783,1639,790,1636,797,1639,805,1645,811,1654,817,1666,820,1680,821,1693,820,1705,817,1715,811,1721,805"/>
<area shape="poly" id="node68" href="/switch-155/" title="J536" alt="" coords="858,221,856,214,850,207,841,202,829,199,816,197,803,199,791,202,781,207,775,214,773,221,775,229,781,235,791,241,803,244,816,245,829,244,841,241,850,235,856,229"/>
<area shape="poly" id="node69" href="/switch-157/" title="J430" alt="" coords="282,221,280,214,274,207,265,202,253,199,240,197,227,199,215,202,205,207,199,214,197,221,199,229,205,235,215,241,227,244,240,245,253,244,265,241,274,235,280,229"/>
<area shape="poly" id="node70" href="/switch-171/" title="J629" alt="" coords="186,221,184,214,178,207,169,202,157,199,144,197,131,199,119,202,109,207,103,214,101,221,103,229,109,235,119,241,131,244,144,245,157,244,169,241,178,235,184,229"/>
<area shape="poly" id="node71" href="/switch-158/" title="J723" alt="" coords="186,605,184,598,178,591,169,586,157,583,144,581,131,583,119,586,109,591,103,598,101,605,103,613,109,619,119,625,131,628,144,629,157,628,169,625,178,619,184,613"/>
<area shape="poly" id="node72" href="/switch-162/" title="J419r" alt="" coords="672,605,670,598,663,591,652,586,639,583,624,581,609,583,595,586,585,591,578,598,575,605,578,613,585,619,595,625,609,628,624,629,639,628,652,625,663,619,670,613"/>
<area shape="poly" id="node73" href="/switch-160/" title="J705" alt="" coords="1242,1085,1240,1078,1234,1071,1225,1066,1213,1063,1200,1061,1187,1063,1175,1066,1165,1071,1159,1078,1157,1085,1159,1093,1165,1099,1175,1105,1187,1108,1200,1109,1213,1108,1225,1105,1234,1099,1240,1093"/>
<area shape="poly" id="node74" href="/switch-175/" title="J614" alt="" coords="954,701,952,694,946,687,937,682,925,679,912,677,899,679,887,682,877,687,871,694,869,701,871,709,877,715,887,721,899,724,912,725,925,724,937,721,946,715,952,709"/>
<area shape="poly" id="node75" href="/switch-172/" title="J419l" alt="" coords="670,701,667,694,661,687,651,682,638,679,624,677,610,679,597,682,587,687,580,694,578,701,580,709,587,715,597,721,610,724,624,725,638,724,651,721,661,715,667,709"/>
<area shape="poly" id="node76" href="/switch-180/" title="J509" alt="" coords="1626,1085,1624,1078,1618,1071,1609,1066,1597,1063,1584,1061,1571,1063,1559,1066,1549,1071,1543,1078,1541,1085,1543,1093,1549,1099,1559,1105,1571,1108,1584,1109,1597,1108,1609,1105,1618,1099,1624,1093"/>
<area shape="poly" id="node77" href="/switch-182/" title="J434" alt="" coords="666,221,664,214,658,207,649,202,637,199,624,197,611,199,599,202,589,207,583,214,581,221,583,229,589,235,599,241,611,244,624,245,637,244,649,241,658,235,664,229"/>
<area shape="poly" id="node78" href="/switch-186/" title="J531" alt="" coords="378,221,376,214,370,207,361,202,349,199,336,197,323,199,311,202,301,207,295,214,293,221,295,229,301,235,311,241,323,244,336,245,349,244,361,241,370,235,376,229"/>
<area shape="poly" id="node79" href="/switch-187/" title="J837" alt="" coords="954,221,952,214,946,207,937,202,925,199,912,197,899,199,887,202,877,207,871,214,869,221,871,229,877,235,887,241,899,244,912,245,925,244,937,241,946,235,952,229"/>
<area shape="poly" id="node80" href="/switch-190/" title="J422" alt="" coords="282,605,280,598,274,591,265,586,253,583,240,581,227,583,215,586,205,591,199,598,197,605,199,613,205,619,215,625,227,628,240,629,253,628,265,625,274,619,280,613"/>
<area shape="poly" id="node81" href="/switch-9910/" title="J518" alt="" coords="762,605,760,598,754,591,745,586,733,583,720,581,707,583,695,586,685,591,679,598,677,605,679,613,685,619,695,625,707,628,720,629,733,628,745,625,754,619,760,613"/>
<area shape="poly" id="node82" href="/switch-9913/" title="J737" alt="" coords="954,125,952,118,946,111,937,106,925,103,912,101,899,103,887,106,877,111,871,118,869,125,871,133,877,139,887,145,899,148,912,149,925,148,937,145,946,139,952,133"/>
<area shape="poly" id="node83" href="/switch-9918/" title="J605" alt="" coords="1242,1181,1240,1174,1234,1167,1225,1162,1213,1159,1200,1157,1187,1159,1175,1162,1165,1167,1159,1174,1157,1181,1159,1189,1165,1195,1175,1201,1187,1204,1200,1205,1213,1204,1225,1201,1234,1195,1240,1189"/>
<area shape="poly" id="node84" href="/switch-9925/" title="J401" alt="" coords="1338,605,1336,598,1330,591,1321,586,1309,583,1296,581,1283,583,1271,586,1261,591,1255,598,1253,605,1255,613,1261,619,1271,625,1283,628,1296,629,1309,628,1321,625,1330,619,1336,613"/>
<area shape="poly" id="node85" href="/switch-9926/" title="J724" alt="" coords="90,605,88,598,82,591,73,586,61,583,48,581,35,583,23,586,13,591,7,598,5,605,7,613,13,619,23,625,35,628,48,629,61,628,73,625,82,619,88,613"/>
<area shape="poly" id="node86" href="/switch-9930/" title="J613" alt="" coords="954,797,952,790,946,783,937,778,925,775,912,773,899,775,887,778,877,783,871,790,869,797,871,805,877,811,887,817,899,820,912,821,925,820,937,817,946,811,952,805"/>
<area shape="poly" id="node87" href="/switch-9939/" title="J420" alt="" coords="570,605,568,598,562,591,553,586,541,583,528,581,515,583,503,586,493,591,487,598,485,605,487,613,493,619,503,625,515,628,528,629,541,628,553,625,562,619,568,613"/>
<area shape="poly" id="node88" href="/switch-9940/" title="J118" alt="" coords="762,701,760,694,754,687,745,682,733,679,720,677,707,679,695,682,685,687,679,694,677,701,679,709,685,715,695,721,707,724,720,725,733,724,745,721,754,715,760,709"/>
<area shape="poly" id="node89" href="/switch-9938/" title="J130" alt="" coords="282,125,280,118,274,111,265,106,253,103,240,101,227,103,215,106,205,111,199,118,197,125,199,133,205,139,215,145,227,148,240,149,253,148,265,145,274,139,280,133"/>
<area shape="poly" id="node90" href="/switch-9937/" title="J430" alt="" coords="282,29,280,22,274,15,265,10,253,7,240,5,227,7,215,10,205,15,199,22,197,29,199,37,205,43,215,49,227,52,240,53,253,52,265,49,274,43,280,37"/>
<area shape="poly" id="node91" href="/switch-9942/" title="J702" alt="" coords="1434,701,1432,694,1426,687,1417,682,1405,679,1392,677,1379,679,1367,682,1357,687,1351,694,1349,701,1351,709,1357,715,1367,721,1379,724,1392,725,1405,724,1417,721,1426,715,1432,709"/>
<area shape="poly" id="node92" href="/switch-9941/" title="J717" alt="" coords="858,605,856,598,850,591,841,586,829,583,816,581,803,583,791,586,781,591,775,598,773,605,775,613,781,619,791,625,803,628,816,629,829,628,841,625,850,619,856,613"/>
</map>
